1byte = 8 bit(0 to 7)(-128 to 0 to 127)
2^15  2^14 2^13 2^12 2^11 2^10 2^9  2^8 2^7 2^6 2^5 2^4 2^3 2^2 2^1 2^0  
32768 16384 8192 4096 2048 1024 512  256 128  64  32  16  8   4   2   1 
  0    0     0    0    0    0    1   1    0   0    0   0  1   0   0   1

 2^7 2^6 2^5 2^4 2^3 2^2 2^1 2^0  
 128  64  32  16  8   4   2   1 
  0   0    0   0  0   1   1   1   = 7
  0   1    0   0  1   1   0   1   = 77  

  0   0    0   0  0   1   0   1    7 & 77   = 5 
  0   1    0   0  1   1   1   1    7 & 77   = 79  
  0   1    0   0  1   0   1   0    7 ^ 77   = 74   


 128  64  32  16  8   4   2   1 
          0   0   0   0   0   1     > 7 =1

       128  64  32  16  8   4   2   1 
0   0    0   0  0   1   1   1    0   0   < 7 = 28



                               
